12	32
125	125	125	125	125	125	125	125	127	128	125	125	125	125	125	125	125	125	125	125	125	125	127	128	125	125	125	125	125	125	125	125
125	125	125	125	125	125	125	125	127	129	4	4	4	4	4	4	4	4	4	4	4	4	127	129	125	125	125	125	125	125	125	125
125	125	125	125	125	125	125	125	4	4	4	4	4	4	4	4	4	4	4	4	4	4	4	4	125	125	125	125	125	125	125	125
125	125	125	125	125	125	125	125	4	4	4	4	4	4	4	4	4	4	4	4	4	4	4	4	125	125	125	125	125	125	125	125
125	125	125	125	125	125	125	125	4	4	4	4	4	4	4	4	4	4	4	4	4	125	125	125	125	125	125	125	125	125	125	125
125	125	125	125	125	125	125	125	4	4	4	4	4	4	4	4	4	4	4	4	125	125	125	125	125	125	125	125	125	125	125	125
125	125	125	125	125	125	125	125	4	4	4	4	4	4	4	4	4	4	4	125	125	125	125	125	125	125	125	125	125	125	125	125
125	125	125	125	125	125	125	125	4	4	4	4	4	4	4	4	4	4	125	125	125	125	125	125	125	125	125	125	125	125	125	125
125	125	125	125	125	125	125	125	4	4	4	4	4	4	4	4	4	125	125	125	125	125	125	125	125	125	125	125	125	125	125	125
125	125	125	125	125	125	125	125	4	4	4	4	4	4	4	4	125	125	125	125	125	125	125	125	125	125	125	125	125	125	125	125
125	125	125	125	125	125	125	125	125	125	125	125	125	125	125	125	125	125	125	125	125	125	125	125	125	125	125	125	125	125	125	125
125	125	125	125	125	125	125	125	125	125	125	125	125	125	125	125	125	125	125	125	125	125	125	125	125	125	125	125	125	125	125	125
0 0	0	0
0