15	19
1	2	3	4	5	1	6	7	8	5	1	6	7	8	5	1	6	7	8
9	10	11	12	13	9	14	15	16	13	9	14	15	16	13	9	14	15	16
17	18	19	20	21	22	23	24	25	26	27	28	29	30	31	32	33	34	35
36	36	36	36	36	36	37	38	39	40	41	42	43	36	36	36	44	45	46
36	47	48	49	36	36	50	51	52	53	54	55	56	57	36	36	58	59	60
36	61	62	63	64	65	66	67	68	69	70	71	72	73	36	74	75	36	36
36	36	36	76	77	78	79	80	81	82	83	84	85	86	87	88	89	36	36
90	91	36	92	93	94	95	96	97	98	99	100	101	102	103	104	105	106	107
36	36	36	36	36	36	36	36	108	109	110	111	112	36	36	36	36	113	114
115	116	117	36	36	36	36	36	118	119	120	121	36	36	36	36	122	123	124
125	126	127	128	36	36	36	36	129	130	131	132	36	36	36	36	133	134	135
136	137	138	139	36	36	140	141	142	143	144	145	146	147	148	36	149	134	114
136	150	151	152	153	36	154	141	142	143	144	145	146	147	148	155	156	157	114
158	159	160	161	162	163	164	165	166	167	168	169	170	171	172	173	174	175	176
177	178	179	180	181	177	182	183	184	181	177	182	183	184	181	177	182	183	184
0 0	0	0
0