0 0 0 0 0
22 11 1 11 1
17 14 0 14 0
20 12 1 12 1
1 0 0 0 1
1 11 1 12 1
1 12 0 12 1
1 12 1 15 1
14 1 0 1 1
14 1 0 1 1
14 1 0 1 1
14 1 0 1 1
14 2 0 2 0
14 2 0 2 0
14 2 0 2 0
14 2 0 2 0
14 2 0 2 0
14 3 1 3 1
14 3 1 4 1
14 3 0 3 0
14 3 0 3 0
14 3 0 3 0
14 3 0 4 0
14 4 0 4 0
14 4 0 4 0
14 4 0 4 1
14 4 1 4 1
14 4 1 4 1
14 4 1 4 1
14 4 1 4 1
14 5 0 5 0
14 5 0 5 1
14 5 1 5 1
14 5 1 5 1
14 5 1 5 1
14 5 1 5 1
14 5 1 5 1
14 5 1 6 1
14 6 1 6 1
14 6 1 6 1
14 6 0 6 1
14 6 0 6 1
14 6 0 6 1
14 6 0 6 1
14 7 1 7 1
14 7 1 7 1
14 7 1 7 1
14 7 1 7 1
14 7 1 7 1
14 7 1 7 1
14 7 0 7 0
14 7 0 7 0
14 7 0 7 0
14 7 0 7 0
14 8 0 8 0
14 8 0 8 0
14 8 0 8 0
14 9 0 9 0
14 9 1 9 1
14 9 1 9 1
14 9 1 9 1
14 9 1 9 1
14 9 1 9 1
14 9 1 9 1
14 10 0 10 0
14 10 0 10 0
14 10 0 10 0
14 10 1 10 1
14 10 1 10 1
14 10 1 11 1
18 2 0 2 1
18 3 0 3 1
18 3 0 3 0
18 3 1 4 1
18 4 0 4 0
18 6 1 6 1
18 7 0 7 0
18 8 0 8 1
18 8 0 8 0
18 9 0 9 0
18 10 0 11 0
18 10 1 10 1
18 10 1 11 1
13 2 0 2 0
13 2 0 2 0
13 2 0 2 0
13 2 0 2 0
13 2 0 2 0
13 2 0 2 0
13 4 0 4 0
13 4 0 4 0
13 4 0 4 0
13 5 0 5 0
13 5 0 5 0
13 5 0 5 0
13 8 0 8 0
13 8 0 8 0
13 8 0 8 0
13 9 0 9 0
13 9 0 9 0
13 9 0 9 0
13 9 0 9 0
13 9 0 9 0
13 9 0 9 1
13 9 1 9 1
13 9 1 9 1
13 11 0 11 0
13 11 0 11 0
13 11 0 11 0
5 11 0 11 1
5 13 1 13 1
19 5 0 5 1
19 6 0 6 1
19 7 0 7 0
19 9 0 9 0
50 11 1 11 1
50 15 1 15 1
