0 0 7 0 7
1 0 7 7 7
1 7 7 8 7
1 9 7 15 7
1 7 3 12 3
1 12 3 13 3
1 4 6 4 6
1 5 6 5 7
1 5 7 5 7
1 6 6 6 7
1 7 6 7 7
4 1 7 1 7
4 1 6 1 6
4 9 6 9 7
4 9 6 9 6
4 9 6 10 6
4 10 6 10 6
4 10 6 11 7
4 11 6 11 6
4 11 6 12 7
6 0 6 1 7
20 2 6 2 7
13 6 6 6 6
13 6 6 6 6
13 6 6 6 6
13 6 6 7 6
13 7 6 7 6
13 7 6 7 6
13 9 6 9 6
13 10 6 10 6
13 10 6 10 6
13 10 6 10 6
13 10 6 10 6
14 3 6 3 6
14 3 6 3 6
14 3 6 3 6
14 3 6 3 7
14 3 6 3 7
14 3 7 3 7
14 3 7 3 7
14 3 7 3 7
14 3 7 3 7
14 3 6 3 7
14 3 6 3 7
14 3 7 3 7
14 3 6 3 6
14 3 6 3 6
14 3 7 3 7
14 3 6 3 6
14 3 7 3 7
14 3 7 3 7
14 3 6 3 6
14 3 7 3 7
14 3 7 3 7
14 3 6 3 6
14 3 6 3 6
14 3 7 3 7
14 3 7 3 7
23 2 6 3 7
23 3 6 3 6
25 3 6 3 7
24 5 6 5 7
19 3 6 3 6
7 3 7 3 7
7 3 6 3 7
50 11 1 11 1
50 15 1 15 1
50 3 6 3 6
