0 0 3 0 3
1 0 3 5 3
1 5 3 5 3
19 3 1 3 1
13 1 2 1 3
13 1 2 1 2
13 1 2 1 3
13 1 2 1 2
13 1 2 1 3
13 1 2 1 2
13 1 2 1 3
13 2 2 2 2
13 2 2 2 3
13 2 2 2 2
13 2 2 2 3
13 2 2 2 2
13 2 2 2 3
13 2 2 2 2
13 2 2 2 3
13 3 2 3 2
13 3 2 3 3
13 3 2 3 2
13 3 2 3 3
13 3 2 3 2
13 3 2 3 3
13 3 2 3 2
13 3 2 3 3
13 3 2 4 2
13 4 2 4 3
13 4 2 4 2
13 4 2 4 3
13 4 2 4 2
13 4 2 4 3
13 4 2 4 2
13 4 2 4 3
13 4 2 5 2
13 5 2 5 3
13 5 2 5 2
13 5 2 5 3
13 3 1 3 1
13 3 1 3 1
13 3 1 3 1
13 3 1 3 1
13 3 1 3 1
13 3 1 3 1
13 3 1 4 1
13 3 1 3 1
13 3 1 3 1
13 3 1 4 1
13 4 1 4 1
13 3 1 3 1
13 4 1 4 1
13 3 1 3 1
13 3 1 3 1
13 3 1 4 1
13 4 1 4 1
13 3 1 3 1
13 3 1 3 1
13 3 1 3 1
13 3 1 4 1
13 3 1 3 2
13 3 0 3 0
13 3 1 3 2
5 5 2 5 3
50 3 5 3 5
50 5 2 5 2
