0 0 2 1 3
19 15 2 15 3
55 12 3 12 3
2 0 2 0 2
2 2 3 2 3
2 4 2 5 2
16 5 2 5 2
6 3 2 3 2
6 12 2 12 3
12 8 2 8 2
3 2 3 2 3
11 11 3 11 3
9 10 3 11 3
17 16 2 16 3
1 0 3 3 3
1 3 3 6 3
1 6 3 9 3
1 2 2 2 2
1 6 3 9 3
1 8 3 9 3
1 9 2 9 2
1 9 3 9 3
1 9 3 9 3
1 9 3 9 3
1 9 3 9 3
1 10 3 13 3
1 10 3 10 3
1 10 3 10 3
1 10 3 10 3
1 13 3 17 3
1 13 2 13 2
1 13 3 13 3
1 14 3 14 3
1 13 3 13 3
4 1 3 1 3
4 1 2 1 3
4 2 3 2 3
4 2 2 3 3
4 3 3 3 3
4 3 2 3 3
4 7 3 8 3
4 7 2 8 3
4 8 2 8 3
4 7 1 8 1
4 13 3 13 3
4 13 2 13 3
4 9 1 10 1
4 8 1 8 1
5 2 3 2 3
5 10 3 11 3
5 11 3 11 3
5 13 0 13 2
7 1 2 1 3
7 1 2 1 3
7 1 2 1 2
7 1 2 1 2
7 3 3 4 3
7 4 2 4 3
7 2 2 2 2
7 8 3 9 3
13 6 2 6 2
13 6 2 6 2
13 6 2 6 2
13 7 1 7 1
13 7 1 7 1
13 8 0 8 0
13 8 0 8 0
13 8 0 8 0
13 8 0 9 1
13 9 0 9 1
13 9 1 9 1
13 9 1 9 1
13 9 1 9 1
13 9 1 9 1
13 9 0 9 1
13 9 0 9 1
13 9 0 10 1
13 10 0 10 1
13 10 1 10 1
13 10 0 10 1
13 10 1 10 1
13 10 0 11 0
13 11 1 11 1
14 12 3 12 3
14 12 3 12 3
14 12 3 12 3
14 11 3 12 3
14 12 3 12 3
14 12 3 12 3
14 12 3 12 3
14 12 3 12 3
14 11 3 11 3
14 11 3 12 3
14 12 3 12 3
14 12 3 12 3
14 12 3 12 3
14 12 3 12 3
14 12 3 12 3
14 12 3 12 3
14 12 3 12 3
14 12 3 12 3
50 13 1 13 1
50 16 3 16 3
